0       0       0
50      20      14
100     51      29
147     79      38
196     112     50
245     143     66
294     170     75
344     197     85
393     224     105
442     254     118
492     295     130
542     330     148
589     360     155
639     398     177
690     425     199
739     470     220
789     504     237
839     539     253
888     568     264
937     596     278
987     633     289
1036    658     298
1085    693     313
1134    726     324
1184    750     334
1232    783     343
1281    831     369
1331    850     387
1379    876     405
1429    898     422
1480    931     441
1528    965     452
1577    997     467
1626    1025    484
1675    1057    501
1723    1075    514
1772    1103    527
1819    1147    544
1869    1179    553
1916    1202    568
1966    1232    582
2014    1256    596
2063    1278    610
2113    1308    626
2162    1335    647
2213    1365    666
2263    1405    689
2312    1439    699
2359    1474    716
2408    1518    738
2457    1556    759
2507    1591    777
2554    1623    790
2605    1652    808
2653    1684    825
2702    1728    838
2751    1766    851
2801    1790    872
2848    1835    886
2897    1866    903
2948    1900    920
2998    1925    937
3045    1944    947
3095    1984    965
3144    2016    975
3194    2045    989
3243    2079    1011
3294    2106    1024
3345    2132    1035
3394    2177    1050
3443    2204    1062
3491    2230    1079
3540    2270    1092
3589    2324    1111
3639    2355    1132
3688    2389    1150
3735    2420    1161
3785    2463    1185
3834    2502    1204
3883    2527    1211
3932    2562    1231
3981    2598    1245
4031    2632    1263
4080    2651    1280
4130    2680    1286
4179    2715    1306
4228    2735    1316
4279    2772    1333
4329    2810    1351
4378    2835    1373
4427    2868    1391
4476    2904    1401
4525    2942    1419
4573    2965    1430
4624    3002    1449
4674    3030    1469
4724    3064    1482
4774    3099    1493
4824    3133    1508
4873    3185    1531